3.285336149689769059e+01
3.172782669138026179e+01
3.010837317238853217e+01
2.906276252103976176e+01
2.803860119947297846e+01
2.710319296314365545e+01
2.600061386854626733e+01
2.584740038724158850e+01
2.422507115886423890e+01
2.296161111863730753e+01
2.156546027954610167e+01
2.054003686256011108e+01
1.828635418201160689e+01
1.687968052576868061e+01
1.555819220932619373e+01
1.458933717354343429e+01
1.322116397911469932e+01
1.154247845870504818e+01
9.359206370122720386e+00
8.237274221854477219e+00
7.559545335688170553e+00
5.937806978777864231e+00
4.720046469251304444e+00
3.934553753038329660e+00
2.227207483901654683e+00
1.196000322428840690e+00
3.091103406150779165e-01
-7.415761542503176429e-01
-2.303563140486645011e+00
-3.960338925605832117e+00
3.285336149689769059e+01
3.165956729577844442e+01
2.997131098191591292e+01
2.866078003988175027e+01
2.802127759462509005e+01
2.663882222063987371e+01
2.469941011467980729e+01
2.320657084066304066e+01
2.151160481982981310e+01
2.057995502067276306e+01
1.909737403990384053e+01
1.766947088025318635e+01
1.624761564566837180e+01
1.447396555506293936e+01
1.292170974712677989e+01
1.158958809127000578e+01
1.036142568551798249e+01
9.262203184444818049e+00
8.314304403246076447e+00
6.715921166221498595e+00
5.756835219558137595e+00
4.706325125229913198e+00
3.255867330047486519e+00
2.599996202599239581e+00
9.318110008546014456e-01
-9.044711747056481954e-01
-1.904520210091021681e+00
-2.805954377975830027e+00
-3.106350003554787520e+00
-4.238095659848212904e+00
3.285336149689769059e+01
3.194805537370352511e+01
3.122987953685448304e+01
3.022551166346469032e+01
2.987365142504195603e+01
2.865746636343968490e+01
2.715553060844715816e+01
2.575912316743418984e+01
2.485419843934945305e+01
2.390725030680658847e+01
2.266279754853963624e+01
2.129059137037959104e+01
2.043948478914247602e+01
1.932476722406203606e+01
1.768243656888917670e+01
1.658153351573335499e+01
1.555117391551804218e+01
1.397588249081339384e+01
1.339767760371064398e+01
1.263417770437124332e+01
1.029625083110938988e+01
8.693618300264876808e+00
7.807217953852532588e+00
7.470204476444621378e+00
6.679380614438684916e+00
6.105022534692331249e+00
5.228999721701253378e+00
4.285209704514965523e+00
3.492920112393779419e+00
2.374504330618652403e+00
3.285336149689769059e+01
3.179249876752452053e+01
3.070680711696186904e+01
3.083530222771767626e+01
2.973406755560828074e+01
2.863471060283318081e+01
2.811652733494425860e+01
2.777989419706530327e+01
2.742579872673049124e+01
2.690465080805319431e+01
2.624583874132900263e+01
2.487567018393687235e+01
2.422685371986425906e+01
2.270889435627173469e+01
2.158168557071500970e+01
2.071929714426089930e+01
2.032346194999515987e+01
1.969529368153517623e+01
1.936518261916014438e+01
1.818324385698529966e+01
1.704594024751425962e+01
1.630683691692893333e+01
1.589088363989348807e+01
1.521795105113872282e+01
1.405254772328603963e+01
1.294688669417172022e+01
1.191533670781538135e+01
1.059601881175640159e+01
9.701356367186125595e+00
8.835540745281591057e+00
