3.794049128549968231e+01
3.681495647998225706e+01
3.519550296099052389e+01
3.414989230964175704e+01
3.312573098807497018e+01
3.219032275174564717e+01
3.108774365714825905e+01
3.093453017584358022e+01
2.931220094746623062e+01
2.804874090723929925e+01
2.665259006814809339e+01
2.562716665116210280e+01
2.337348397061359861e+01
2.196681031437067233e+01
2.064532199792818545e+01
1.967646696214542601e+01
1.830829376771669104e+01
1.662960824730703990e+01
1.444633615872471211e+01
1.332440401045646894e+01
1.264667512429016227e+01
1.102493676737985595e+01
9.807176257853296164e+00
9.021683541640321380e+00
7.314337272503646403e+00
6.283130111030832410e+00
5.396240129217069637e+00
4.345553634351674077e+00
2.783566648115346709e+00
1.126790862996159603e+00
3.723898746986123598e+01
3.604519326874198981e+01
3.435693695487945831e+01
3.304640601284529566e+01
3.240690356758863544e+01
3.102444819360341910e+01
2.908503608764335269e+01
2.759219681362658605e+01
2.589723079279335849e+01
2.496558099363630845e+01
2.348300001286738592e+01
2.205509685321673174e+01
2.063324161863191719e+01
1.885959152802648475e+01
1.730733572009032528e+01
1.597521406423355117e+01
1.474705165848152788e+01
1.364782915740836344e+01
1.269993037620962184e+01
1.110154713918504399e+01
1.014246119252168299e+01
9.091951098193458591e+00
7.641493303011031912e+00
6.985622175562784975e+00
5.317436973818146839e+00
3.481154798257897198e+00
2.481105762872523712e+00
1.579671594987715366e+00
1.279275969408757874e+00
1.475303131153324898e-01
3.028578025946564622e+01
2.938047413627148075e+01
2.866229829942243867e+01
2.765793042603264595e+01
2.730607018760991167e+01
2.608988512600764054e+01
2.458794937101511380e+01
2.319154193000214548e+01
2.228661720191740869e+01
2.133966906937454411e+01
2.009521631110759188e+01
1.872301013294754668e+01
1.787190355171043166e+01
1.675718598662999170e+01
1.511485533145713234e+01
1.401395227830131063e+01
1.298359267808599782e+01
1.140830125338134948e+01
1.083009636627859962e+01
1.006659646693919896e+01
7.728669593677345517e+00
6.126037062832832447e+00
5.239636716420488227e+00
4.902623239012577017e+00
4.111799377006640555e+00
3.537441297260286888e+00
2.661418484269209017e+00
1.717628467082921162e+00
9.253388749617350584e-01
-1.930769068133919575e-01
2.594818697276416941e+01
2.488732424339099936e+01
2.380163259282834787e+01
2.393012770358415509e+01
2.282889303147475957e+01
2.172953607869965964e+01
2.121135281081073742e+01
2.087471967293178210e+01
2.052062420259697006e+01
1.999947628391967314e+01
1.934066421719548146e+01
1.797049565980335117e+01
1.732167919573073789e+01
1.580371983213821352e+01
1.467651104658148853e+01
1.381412262012737990e+01
1.341828742586163870e+01
1.279011915740165684e+01
1.246000809502662143e+01
1.127806933285177671e+01
1.014076572338073845e+01
9.401662392795412160e+00
8.985709115759966892e+00
8.312776527005201643e+00
7.147373199152518453e+00
6.041712170038199048e+00
5.010162183681860171e+00
3.690844287622880415e+00
2.796181843052604421e+00
1.930366221148069883e+00
