1.125534805517428572e+00
1.619453518991730290e+00
1.045610651348769071e+00
1.024161321566783966e+00
9.354082363293233504e-01
1.102579094597389675e+00
1.532134813046777122e-01
1.622329228377349608e+00
1.263460040226933812e+00
1.396150839091201856e+00
1.025423416985992153e+00
2.253682680548505957e+00
1.406673656242924064e+00
1.321488316442487987e+00
9.688550357827601101e-01
1.368173194428734307e+00
1.678685520409651577e+00
2.183272088582328685e+00
1.121932148268244722e+00
6.777288861663067765e-01
1.621738356910308099e+00
1.217760509526560675e+00
7.854927162129751173e-01
1.707346269136669648e+00
1.031207161472812883e+00
8.868899818137645497e-01
1.050686494865396003e+00
1.561986986236326258e+00
1.656775785119189548e+00
4.345283735955480786e-01
1.193794201119245724e+00
1.688256313862531499e+00
1.310530942034164203e+00
6.395024452566574480e-01
1.382455373985216784e+00
1.939412105960066190e+00
1.492839274016767082e+00
1.694966020833226672e+00
9.316497991570531489e-01
1.482580980768920087e+00
1.427903159650653286e+00
1.421855234584815664e+00
1.773650090605433771e+00
1.552255807936159471e+00
1.332121655856773002e+00
1.228162405752023734e+00
1.099222501073164215e+00
9.478987811987429346e-01
1.598383237024576076e+00
9.590859466633609998e-01
1.050510094328223953e+00
1.450457795182424903e+00
6.558711274482464937e-01
1.668185201744646129e+00
1.836282175560251417e+00
1.000049035385373486e+00
9.014341678848085682e-01
3.003956255789567154e-01
1.131745656293424940e+00
1.071065010893718306e+00
9.053061231941649245e-01
7.181758368490440692e-01
1.004367873389790056e+00
3.518602384227336177e-01
1.216185061602272244e+00
1.501935754992528738e+00
1.396407441012966100e+00
9.049247280847366737e-01
9.469481325428648066e-01
1.244452758266951342e+00
1.372206178160045642e+00
8.511065812371151340e-01
1.114717565080440842e+00
1.642330655172859810e+00
1.100903053155821931e+00
1.030359600215310589e+00
1.575291424704647003e+00
5.782048871027481995e-01
7.634998993394023215e-01
2.337926873261853444e+00
1.602632530844513958e+00
8.864003464123442200e-01
3.370134774079114326e-01
7.908238620059371282e-01
5.743580797463525567e-01
8.760228129910787587e-01
9.437900171862890764e-01
7.922895921211861037e-01
1.118415781775126572e+00
7.291080654468176103e-01
1.060862729373170277e+00
1.085691650562653265e+00
-1.284951107558101047e-01
1.101234672109396628e+00
1.099356952775100593e+00
5.181832678889215504e-01
3.366331378789567674e-01
3.540954703348102584e-01
5.211479186772961514e-01
6.588120667241946782e-01
1.370168557392127839e+00
6.488164640726166166e-01
1.517959363592522815e+00
1.127208785556724102e+00
8.623884264541088474e-01
3.958351942657409861e-01
6.281682684599820821e-01
3.301110623750357354e-01
1.181938762174844504e+00
1.137303609471039145e+00
7.391033305853269564e-01
4.159532770354468223e-01
6.729325887547661367e-01
1.165403327852678306e+00
1.105661029114320515e+00
1.031549986356337989e+00
1.319317896058981310e+00
8.946624445702744399e-01
8.658156219045335389e-01
7.769090405101219954e-01
