1.184105298975232756e+00
1.192020112305657520e+00
1.199752346309953532e+00
1.207289631063161117e+00
1.214619908517546865e+00
1.221731451792894108e+00
1.228612883937013178e+00
1.235253196126427477e+00
1.241641765278161280e+00
1.247768371044398084e+00
1.253623212162844336e+00
1.259196922136679664e+00
1.264480584218941495e+00
1.269465745677420543e+00
1.274144431317224102e+00
1.278509156239396205e+00
1.282552937815154337e+00
1.286269306856604899e+00
1.289652317966061723e+00
1.292696559047422866e+00
1.295397159964360778e+00
1.297749800331505998e+00
1.299750716426140151e+00
1.301396707209352632e+00
1.302685139447014917e+00
1.303613951922398595e+00
1.304181658733678972e+00
1.304387351671060680e+00
1.304230701669725434e+00
1.303711959336256943e+00
1.302831954547730486e+00
1.301592095124080695e+00
1.299994364575900008e+00
1.298041318931232757e+00
1.295736082646480769e+00
1.293082343607946605e+00
1.290084347231988726e+00
1.286746889673270333e+00
1.283075310151928772e+00
1.279075482411976772e+00
1.274753805324543743e+00
1.270117192651060822e+00
1.265173061982710401e+00
1.259929322873877933e+00
1.254394364188529121e+00
1.248577040679827999e+00
1.242486658824434098e+00
1.236132961934099939e+00
1.229526114568466832e+00
1.222676686273928892e+00
1.215595634674634606e+00
1.208294287942593304e+00
1.200784326675033764e+00
1.193077765207954721e+00
1.185186932395720039e+00
1.177124451887541223e+00
1.168903221932321213e+00
1.160536394744231092e+00
1.152037355461938306e+00
1.143419700735256672e+00
1.134697216973425737e+00
1.125883858289761674e+00
1.116993724178074743e+00
1.108041036956477488e+00
1.099040119014731198e+00
1.090005369901443810e+00
1.080951243287885388e+00
1.071892223845188452e+00
1.062842804071985281e+00
1.053817461109466613e+00
1.044830633581064205e+00
1.035896698493745660e+00
1.027029948237841772e+00
1.018244567722288441e+00
1.009554611681791725e+00
1.000973982192267631e+00
9.925164064304579092e-01
9.841954147133904485e-01
9.760243188527711888e-01
9.680161908588988950e-01
9.601838420282533537e-01
9.525398024481481762e-01
9.450963009512779456e-01
9.378652455521718778e-01
9.308582043969209074e-01
9.240863872566257298e-01
9.175606275941303736e-01
9.112913652328057390e-01
9.052886296550568535e-01
8.995620239572978960e-01
8.941207094870323724e-01
8.889733911866599669e-01
8.841283036674233431e-01
8.795931980357950541e-01
8.753753294933446227e-01
8.714814457299754347e-01
8.679177761290602922e-01
8.646900218017509188e-01
8.618033464664192067e-01
8.592623681878106545e-01
8.570711519891253127e-01
8.552332033488460050e-01
8.537514625927229428e-01
8.526283001898773417e-01
8.518655129605593457e-01
8.514643212016155260e-01
8.514253667342790433e-01
8.517487118773854338e-01
8.524338393476836861e-01
8.534796530873749454e-01
8.548844800175682268e-01
8.566460727148572651e-01
8.587616130067121656e-01
8.612277164799603257e-01
8.640404378951130893e-01
8.671952774979243550e-01
8.706871882180257094e-01
8.745105837431697005e-01
8.786593474561241734e-01
8.831268422199733958e-01
