1.154790916856270888e+00
1.162413444691034803e+00
1.169937512616594066e+00
1.177351083729312409e+00
1.184642297896888019e+00
1.191799490732031064e+00
1.198811212252992364e+00
1.205666245201088893e+00
1.212353622985933743e+00
1.218862647229639773e+00
1.225182904881929158e+00
1.231304284878809385e+00
1.237216994318112606e+00
1.242911574126045693e+00
1.248378914189693711e+00
1.253610267931258404e+00
1.258597266300717665e+00
1.263331931164516808e+00
1.267806688068878307e+00
1.272014378357322339e+00
1.275948270622978775e+00
1.279602071477409009e+00
1.282969935618680335e+00
1.286046475182608173e+00
1.288826768362181463e+00
1.291306367281412681e+00
1.293481305110983026e+00
1.295348102414325409e+00
1.296903772713986491e+00
1.298145827269343133e+00
1.299072279058065993e+00
1.299681645954922748e+00
1.299972953102873419e+00
1.299945734472621295e+00
1.299600033608167893e+00
1.298936403557153563e+00
1.297955905986090563e+00
1.296660109481932333e+00
1.295051087042660143e+00
1.293131412760942789e+00
1.290904157706119104e+00
1.288372885011155100e+00
1.285541644172383480e+00
1.282414964571185756e+00
1.278997848227932277e+00
1.275295761799822625e+00
1.271314627835412159e+00
1.267060815299777321e+00
1.262541129385543526e+00
1.257762800626021527e+00
1.252733473327911851e+00
1.247461193342021435e+00
1.241954395191630756e+00
1.236221888579067452e+00
1.230272844292038315e+00
1.224116779532340438e+00
1.217763542690361911e+00
1.211223297589772541e+00
1.204506507227552259e+00
1.197623917035436580e+00
1.190586537689534152e+00
1.183405627495567103e+00
1.176092674377998915e+00
1.168659377501801044e+00
1.161117628556297632e+00
1.153479492730977496e+00
1.145757189413778132e+00
1.137963072642666384e+00
1.130109611341828746e+00
1.122209369374025600e+00
1.114274985441107590e+00
1.106319152864795541e+00
1.098354599280055632e+00
1.090394066273607354e+00
1.082450289000102428e+00
1.074535975808602606e+00
1.066663787911914074e+00
1.058846319131358849e+00
1.051096075749353043e+00
1.043425456502009352e+00
1.035846732743809673e+00
1.028372028816058270e+00
1.021013302650525256e+00
1.013782326639296238e+00
1.006690668801458521e+00
9.997496742767530975e-01
9.929704471757512252e-01
9.863638328156538737e-01
9.799404003701019938e-01
9.737104259607511914e-01
9.676838762176660502e-01
9.618703923348377316e-01
9.562792746463348870e-01
9.509194677477550428e-01
9.457995461867678699e-01
9.409277007456802178e-01
9.363117253379260596e-01
9.319590045394703370e-01
9.278765017750572053e-01
9.240707481782239885e-01
9.205478321428737232e-01
9.173133895831481199e-01
9.143725949171661593e-01
9.117301527890555590e-01
9.093902905425319538e-01
9.073567514580440641e-01
9.056327887643311758e-01
9.042211604339408515e-01
9.031241247710728448e-01
9.023434367987652749e-01
9.018803454512348550e-01
9.017355915758517027e-01
9.019094067479356269e-01
9.024015129002934676e-01
9.032111227680533760e-01
9.043369411481374520e-01
9.057771669712983975e-01
9.075294961834536878e-01
9.095911254316699779e-01
9.119587565489424286e-01
